deci =

ISAS15 HIGH 2D with DECEL
[[301.93091863294785, 0.0016076262089444425, 0.0015896115913838728, 0.0],
[482.23257345030123, -0.00016741586527304613, 0.0005866894940741188, 0.0]]


[[301.93091863294785, 0.0016076262089444425, 0.0015896115913838728, 0.0],
[482.23257345030123, -0.00016741586527304613, 0.0005866894940741188, 0.0]]

[[301.93091863294785, 0.0016076262089444425, 0.0015896115913838728, 0.0],
[480.27089748138013, -3.4147465389839266e-05, 0.00013520855031741124, 0.0]]

[[301.93091863294785, 0.0016076262089444425, 0.0015896115913838728, 0.0],
[481.4350644364851, -0.00012147683434346654, 0.0004102821199409585, 0.0]]

ISAS15 HIGH 2D
[[320.33563525584435, 0.0016748335274261476, 0.0013627675495311467, 0.0]]
[[301.93091863294785, 0.0016076262089444425, 0.0015896115913838728, 0.0]]
[[319.8305897255627, 0.0016687830320550338, 0.0013691821770248276, 0.0]]
[[420.2372419060117, 0.010494326408284994, 0.0044382506954818565, 0.0]]
[[411.21323621411335, 0.008748839048462907, 0.0033290148214346503, 0.0]]
[[395.8283718212657, 0.006450877568564355, 0.002069880891910152, 0.0]]
[[319.95400029222867, 0.0016702166037494744, 0.0013676901851197968, 0.0]]
[[319.5113399461457, 0.00166499548529299, 0.0013736935829129556, 0.0]]
[[320.0969905134936, 0.001671977113629641, 0.001365741362825864, 0.0]]
[[324.8947207784664, 0.0017420256877963634, 0.0013024051696600683, 0.0]]

ISAS15 HIGH 3D
[[318.52064889393114, 0.001654129551922142, 0.0013867242294183745, 1.6669000944905925e-07]]
[[318.76778226379844, 0.0016568110564366414, 0.0013831692672967915, 4.510230051753086e-08]]
[[318.92171739979193, 0.001658459748253538, 0.0013811839589995508, 1.4149147519634333e-07]]
[[319.1245835561984, 0.001660664189049855, 0.0013785817149902298, -1.5195854619040288e-07]]
[[318.5459320770995, 0.0016543882798108808, 0.0013863160049321756, -3.2570191248828237e-07]]
[[319.56467177138796, 0.0016657502849055869, 0.0013725862681807552, 4.426275240848495e-08]]
[[318.40384339997405, 0.0016529280206539069, 0.0013882767156505622, 4.0992551036063384e-07]]
[[320.7137608839611, 0.0016796538496062744, 0.0013573509642250674, 1.450864656806326e-07]]
[[321.047235798234, 0.0016839534026109725, 0.0013530840846063413, -4.226220338270868e-07]]
[[319.2319683257436, 0.0016618864677416096, 0.0013770810642232754, 3.0638649910898806e-08]]
[[317.5568569959583, 0.0016444596408001573, 0.0013994007780350774, -7.631818506003654e-08]
[[319.49189369634774, 0.0016648851430734063, 0.001373495369086965, -2.8467382783199455e-08]]
[[319.1608932592988, 0.0016611290731459636, 0.0013779564151795425, 2.1896285097684568e-07]]
[[319.21182321127327, 0.0016616450452873702, 0.0013773807681341092, 2.9842838823195387e-07]]
[[319.47971720656886, 0.0016646295725650793, 0.0013740523219062093, -3.240744430233375e-08]]
[[319.63129947276997, 0.0016664698170780529, 0.0013718828765856886, 3.3213982582333737e-07]]
[[319.6454037947854, 0.001666652280183134, 0.0013714826703519684, -3.368670968018173e-09]]

deci = [[324.8947207784664, 0.0017420256877963634, 0.0013024051696600683, 0.0],
[481.2157366371777, -0.0002690388566201301, 0.0003067213502225835, 1.2626498798027002e-07]]

[[324.8947207784664, 0.0017420256877963634, 0.0013024051696600683, 0.0],
[481.2577178521455, -0.00026814734147020204, 0.00030953813156495136, -1.9013569256937992e-06]]

deci = [[324.8947207784664, 0.0017420256877963634, 0.0013024051696600683, 0.0],
[481.2157366371777, -0.0002690388566201301, 0.0003067213502225835, 1.2626498798027002e-07]]

deci = [[324.8947207784664, 0.0017420256877963634, 0.0013024051696600683, 0.0], [481.7562219528664, -0.00032499201527236044, 0.00037872577914733265, 8.209375819116015e-07]]


ISAS15 LOW 2D
[[-3.810404036178629e-05, 8.036667366434322e-05, 0], [-0.00011631957922519811, -0.0003960700040113729, 0], [0.00014343900668268246, -0.00039460589468829016, 0], [0.0004133243825183847, -0.0002676479632615287, 0], [-6.353773946676955e-05, -0.0004027302771161609, 0], [-0.00019483461157664088, -0.0003938299142410649, 0], [0.0003740376551173652, -0.00045439735580127933, 0], [0.00026271994456226056, -4.17413726080276e-05, 0], [0.0004025294016016401, 9.22186764465555e-05, 0], [0.0004379362102351141, -8.202101747983173e-05, 0], [2.0842990495214604e-05, -1.927554372930426e-05, 0], [-2.392388475139966e-05, -6.3420840462436174e-06, 0]]
[[0.00018354551497353738, 0.0002897005581203533, 0], [9.385407683672441e-05, -0.0004375546286935724, 0], [-0.00017406053466786356, -0.0004055793819144533, 0], [7.811816626063441e-05, -0.00028869842254392053, 0], [0.000280132941671916, -0.00045467528344872834, 0], [0.00031161406626870487, -0.0004418005074233615, 0], [0.00016912620000403375, -0.00045156036938030775, 0], [0.00043500734938167605, -4.4611940286304056e-05, 0], [0.00023373694896547512, 4.622353180355802e-06, 0], [0.00043504614537196785, -0.00042017445674379463, 0], [0.00016822207354911628, 0.00010574669088542543, 0], [2.1129649656070842e-05, 0.00020199652091584146, 0]]

ISAS15 LOW 3D


WHFAST HIGH 2D
